1e-05
2.82842712474619e-05
5.19615242270663e-05
8e-05
0.00011180339887499
0.000146969384566991
0.000185202591774521
0.000226274169979695
0.00027
0.000316227766016838
0.000364828726939094
0.000415692193816531
0.000468721665810319
0.000523832034148352
0.000580947501931113
0.00064
0.000700927956355002
0.000763675323681471
0.000828190799272728
0.000894427190999916
0.000962340895940726
0.00103189146716115
0.00110304125036193
0.00117575507653593
0.00125
0.00132574507353412
0.00140296115413079
0.00148162073419617
0.00156169779406901
0.0016431676725155
0.00172600695247731
0.00181019335983756
0.00189570567335755
0.0019825236442474
0.00207062792408487
0.00216
0.00225062213621034
0.00234247732112821
0.00243554921937538
0.0025298221281347
0.00262528093734747
0.0027219110933313
0.00281969856544986
0.00291862981551275
0.00301869176962472
0.00311987179223762
0.00322215766218849
0.00332553755053224
0.00343
0.00353553390593274
0.00364212849855685
0.00374977332648255
0.00385845824131868
0.00396817338330875
0.00407890916790261
0.00419065627318681
0.00430340562810433
0.00441714840140107
0.00453187599124248
0.0046475800154489
0.00476425230230306
0.00488188488188732
0.00500046997791208
0.00512
0.00524046753639406
0.00536186534705973
0.00548418635715454
0.00560742365084002
0.00573157046541347
0.00585662018573853
0.00598256633895521
0.00610940258945177
0.0062371227340818
0.00636572069761154
0.00649519052838329
0.00662552639418182
0.00675672257829193
0.00688877347573572
0.00702167358967932
0.00715541752799933
0.00729
0.00742541581327268
0.00756165987068977
0.00769872716752581
0.00783661278869895
0.00797531190612631
0.00811481977618727
0.00825513173728924
0.00839624320753038
0.00853814968245462
0.00868084673289421
0.0088243300028954
0.00896859520772345
0.0091136381319427
0.00925945462756852
0.00940604061228741
0.00955339206774222
0.00970150503787943
0.00985037562735554
0.01
0.0101503743773321
0.0103014950371293
0.010453358312045
0.010605960588273
0.0107592983042576
0.0109133679494462
0.0110681660630838
0.0112236892330463
0.0113799340947125
0.0115368973298717
0.0116945756656665
0.0118529658735694
0.0120120647683902
0.0121718692073157
0.0123323760889782
0.0124935823525521
0.0126554849768786
0.0128180809796163
0.0129813674164165
0.013145341380124
0.01331
0.0134753404409685
0.0136413599028836
0.0138080556198185
0.0139754248593737
0.0141434649220055
0.0143121731403725
0.0144815468787005
0.0146515835321647
0.0148222805262888
0.0149936353163601
0.0151656453868604
0.0153383082509122
0.0155116214497389
0.01568558255214
0.0158601891539792
0.0160354388776859
0.0162113293717696
0.0163878583103467
0.0165650233926789
0.0167428223427235
0.0169212529086944
0.017100312862635
0.01728
0.0174603121392488
0.0176412471214481
0.0178228028098837
0.0180049770896827
0.0181877678674432
0.0183711730708738
0.0185551906484412
0.0187398185690257
0.0189250548215851
0.0191108974148259
0.0192973443768825
0.019484393755003
0.0196720436152424
0.0198602920421629
0.0200491371385404
0.0202385770250776
0.0204286098401237
0.0206192337393997
0.02081044689573
0.0210022474987797
0.0211946337547975
0.0213876038863637
0.0215811561321445
0.0217752887466504
0.02197
0.022165288177689
0.0223611515803637
0.0225575885235989
0.022754597337681
0.0229521763673949
0.0231503239718152
0.023349038524102
0.0235483184113006
0.0237481620341449
0.0239485678068648
0.0241495341569977
0.0243510595252034
0.0245531423650823
0.0247557811429977
0.024958974337901
0.0251627204411606
0.0253670179563937
0.0255718653993016
0.0257772612975079
0.0259832041903996
0.0261896926289714
0.0263967251756728
0.026604300404258
0.0268124168996381
0.0270210732577372
0.0272302680853494
0.02744
0.0276502676298079
0.0278610696133512
0.0280724045995351
0.0282842712474619
0.0284966682263032
0.0287095942151748
0.0289230479030133
0.0291370279884548
0.0293515331797165
0.0295665621944791
0.029782113759772
0.0299981866118604
0.030214779496134
0.0304318911669978
0.0306495203877646
0.0308676659305494
0.0310863265761653
0.0313055011140215
0.0315251883420226
0.03174538706647
0.031966096101964
0.0321873142713088
0.0324090404054177
0.0326312733432209
0.0328540119315739
0.033077255025168
0.0333010014864418
0.0335252501854945
0.03375
0.0339752498151228
0.034200998523435
0.0344272450248346
0.0346539882264654
0.0348812270426371
0.0351089603947482
0.0353371872112085
0.0355659064273638
0.0357951169854214
0.0360248178343763
0.0362550079299398
0.0364856862344674
0.0367168517168888
0.0369485033526393
0.0371806401235912
0.0374132610179867
0.0376463650303718
0.0378799511615314
0.0381140184184245
0.0383485658141214
0.038583592367741
0.0388190971043892
0.0390550790550986
0.0392915372567682
0.0395284707521047
0.0397658785895647
0.0400037598232966
0.0402421135130848
0.0404809387242934
0.0407202345278119
0.04096
0.0412002342226352
0.0414409362828592
0.0416821052731265
0.0419237402911525
0.0421658404398632
0.0424084048273453
0.0426514325667966
0.0428949227764779
0.0431388745796642
0.0433832871045982
0.0436281594844431
0.0438734908572363
0.0441192803658446
0.0443655271579185
0.0446122303858482
0.0448593892067201
0.0451070027822732
0.0453550702788564
0.0456035908673868
0.0458525637233078
0.0461019880265483
0.0463518629614819
0.0466021877168873
0.0468529614859082
0.047104183466015
0.0473558528589656
0.0476079688707678
0.0478605307116417
0.0481135375959823
0.048366988742323
0.0486208833732996
0.0488752207156142
0.04913
0.0493852204611866
0.0496408813378651
0.0498969818726544
0.0501535213120674
0.0504104989064778
0.0506679139100871
0.0509257655808924
0.0511840531806538
0.0514427759748636
0.0517019332327138
0.0519615242270663
0.0522215482344214
0.052482004534888
0.0527428924121535
0.0530042111534546
0.0532659600495476
0.0535281383946799
0.0537907454865612
0.0540537806263355
0.0543172431185531
0.0545811322711429
0.0548454473953855
0.0551101878058858
0.0553753528205464
0.0556409417605418
0.0559069539502914
0.0561733887174345
0.0564402453928046
0.0567075233104039
0.0569752218073787
0.0572433402239946
0.0575118779036122
0.0577808341926629
0.0580502084406249
0.05832
0.0585902082262898
0.058860832477973
0.0591318721164822
0.0594033265061815
0.0596751950143441
0.0599474770111303
0.0602201718695654
0.0604932789655182
0.0607667976776792
0.0610407273875402
0.0613150674793725
0.0615898173402065
0.0618649763598112
0.0621405439306738
0.0624165194479795
0.0626929023095916
0.0629696919160321
0.0632468876704617
0.0635244889786608
0.0638024952490105
0.0640809058924732
0.0643597203225744
0.0646389379553841
0.0649185582094982
0.0651985805060202
0.065479004268544
0.0657598289231351
0.0660410538983139
0.0663226786250375
0.0666047025366828
0.0668871250690296
0.067169945660243
0.0674531637508575
0.0677367787837597
0.0680207902041721
0.068305197459637
0.06859
0.0688751972773944
0.0691607887462253
0.0694467738631536
0.0697331520870812
0.0700199228791349
0.0703070857026516
0.0705946400231632
0.0708825853083816
0.071170921028184
0.071459646654598
0.0717487616617876
0.0720382655260383
0.0723281577257433
0.0726184377413891
0.0729091050555416
0.0732001591528325
0.0734915995199451
0.0737834256456015
0.0740756370205481
0.0743682331375434
0.0746612134913437
0.074954577578691
0.0752483248982992
0.0755424549508421
0.0758369672389396
0.0761318612671462
0.0764271365419378
0.0767227925716993
0.0770188288667129
0.0773152449391451
0.0776120403030355
0.0779092144742841
0.0782067669706401
0.0785046973116896
0.0788030050188443
0.07910168961533
0.0794007506261748
0.0797001875781983
0.08
0.0803001874219482
0.080600749376169
0.0809016853965355
0.0812029950186568
0.0815046777798673
0.0818067332192161
0.0821091608774563
0.0824119602970346
0.0827151310220808
0.083018672598398
0.0833225845734517
0.0836268664963599
0.0839315179178835
0.0842365383904158
0.084541927467973
0.0848476847061839
0.0851538096622811
0.0854603018950905
0.085767160965022
0.0860743864340606
0.0863819778657562
0.0866899348252149
0.0869982568790893
0.0873069435955698
0.0876159945443753
0.0879254092967443
0.0882351874254257
0.0885453285046704
0.0888558321102222
0.0891666978193092
0.0894779252106351
0.0897895138643706
0.0901014633621453
0.0904137732870385
0.0907264432235718
0.0910394727577
0.0913528614768032
0.0916666089696788
0.0919807148265331
0.0922951786389734
0.09261
0.0929251785039986
0.0932407137467319
0.0935566053253323
0.093872852838294
0.0941894558854652
0.0945064140680409
0.0948237269885549
0.0951413942508728
0.0954594154601839
0.0957777902229948
0.0960965181471212
0.0964155988416812
0.0967350319170878
0.097054816985042
0.0973749536585256
0.097695441551794
0.0980162802803698
0.0983374694610351
0.0986590087118252
0.0989808976520217
0.0993031359021456
0.0996257230839506
0.0999486588204164
0.100271942735742
0.100595574455341
0.10091955360583
0.101243879815029
0.101568552711949
0.10189357192679
0.102218937090932
0.10254464783693
0.102870703798506
0.103197104610546
0.103523849909091
0.103850939331332
0.104178372515604
0.104506149101381
0.104834268729266
0.105162731040992
0.105491535679409
0.105820682288483
0.106150170513287
0.10648
0.106810170395894
0.107140681349336
0.107471532509777
0.107802723527748
0.108134254054855
0.108466123743775
0.108798332248247
0.109130879223069
0.10946376432409
0.109796987208211
0.110130547533371
0.110464444958548
0.110798679143752
0.111133249750019
0.111468156439407
0.111803398874989
0.112138976720853
0.112474889642089
0.112811137304789
0.113147719376044
0.113484635523933
0.113821885417524
0.114159468726865
0.11449738512298
0.114835634277867
0.115174215864489
0.115513129556774
0.115852375029604
0.116191951958817
0.116531860021198
0.116872098894475
0.117212668257318
0.117553567789327
0.117894797171037
0.118236356083905
0.11857824421031
0.118920461233549
0.119263006837829
0.119605880708266
0.119949082530881
0.120292611992591
0.120636468781211
0.120980652585444
0.121325163094883
0.12167
0.122015162992146
0.122360651763547
0.122706466007297
0.123052605417358
0.123399069688552
0.123745858516558
0.124092971597911
0.124440408629994
0.124788169311037
0.125136253340109
0.12548466041712
0.125833390242813
0.126182442518759
0.126531816947359
0.126881513231834
0.127231531076223
0.127581870185383
0.12793253026498
0.128283511021487
0.128634812162183
0.128986433395144
0.129338374429247
0.129690634974157
0.130043214740332
0.130396113439013
0.130749330782226
0.131102866482774
0.131456720254234
0.131810891810958
0.132165380868062
0.132520187141431
0.132875310347709
0.133230750204298
0.133586506429355
0.133942578741788
0.134298966861253
0.134655670508152
0.135012689403626
0.135370023269556
0.135727671828555
0.136085634803972
0.13644391191988
0.13680250290108
0.137161407473094
0.137520625362162
0.137880156295241
0.13824
0.138600156204818
0.13896062463878
0.139321405031675
0.139682497113991
0.140043900616914
0.140405615272325
0.140767640812795
0.141129976971585
0.14149262348264
0.141855580080588
0.142218846500736
0.14258242247907
0.142946307752247
0.143310502057595
0.143675005133113
0.144039816717462
0.144404936549967
0.144770364370613
0.145136099920041
0.145502142939546
0.145868493171075
0.146235150357224
0.146602114241235
0.146969384566991
0.147336961079018
0.147704843522479
0.148073031643173
0.14844152518753
0.148810323902611
0.149179427536105
0.149548835836325
0.149918548552206
0.150288565433302
0.150658886229787
0.151029510692447
0.151400438572681
0.151771669622496
0.152143203594508
0.152515040241938
0.152887179318607
0.153259620578938
0.153632363777949
0.154005408671254
0.15437875501506
0.154752402566164
0.155126351081949
0.155500600320385
0.155875150040024
0.15625
0.156625149960024
0.157000599680383
0.157376348921939
0.157752397446124
0.15812874501494
0.158505391390956
0.158882336337303
0.15925957961768
0.15963712099634
0.160014960238098
0.160393097108323
0.160771531372939
0.161150262798421
0.161529291151791
0.161908616200621
0.162288237713027
0.162668155457668
0.163048369203743
0.16342887872099
0.163809683779684
0.164190784150634
0.164572179605181
0.164953869915198
0.165335854853084
0.165718134191766
0.166100707704693
0.16648357516584
0.166866736349699
0.167250191031281
0.167633938986113
0.168017979990238
0.168402313820209
0.168786940253089
0.169171859066453
0.16955707003838
0.169942572947452
0.170328367572756
0.17071445369388
0.17110083109091
0.171487499544427
0.171874458835512
0.172261708745734
0.172649249057156
0.173037079552332
0.1734252000143
0.173813610226587
0.174202309973203
0.174591299038641
0.174980577207872
0.175370144266349
0.17576
0.176150144195229
0.176540576638913
0.176931297118401
0.177322305421512
0.177713601336532
0.178105184652216
0.178497055157781
0.178889212642909
0.179281656897743
0.179674387712885
0.180067404879395
0.180460708188791
0.180854297433044
0.181248172404579
0.181642332896272
0.182036778701448
0.182431509613882
0.182826525427795
0.183221825937851
0.183617410939159
0.184013280227271
0.184409433598176
0.184805870848304
0.185202591774521
0.18559959617413
0.185996883844864
0.186394454584894
0.186792308192816
0.18719044446766
0.18758886320888
0.18798756421636
0.188386547290405
0.188785812231746
0.189185358841534
0.189585186921342
0.189985296273159
0.190385686699395
0.190786358002872
0.191187309986829
0.191588542454918
0.191990055211201
0.19239184806015
0.192793920806648
0.193196273255982
0.193598905213847
0.194001816486341
0.194405006879967
0.194808476201627
0.195212224258626
0.195616250858665
0.196020555809844
0.196425138920659
0.19683
0.197235138857152
0.19764055530179
0.198046249143982
0.198452220194182
0.198858468263235
0.199264993162372
0.199671794703208
0.200078872697744
0.200486226958362
0.200893857297828
0.201301763529285
0.201709945466256
0.202118402922643
0.202527135712724
0.20293614365115
0.203345426552947
0.203754984233515
0.204164816508624
0.204574923194413
0.204985304107392
0.205395959064437
0.205806887882792
0.206218090380063
0.206629566374224
0.207041315683609
0.207453338126915
0.207865633523197
0.208278201691872
0.208691042452713
0.209104155625851
0.209517541031771
0.209931198491315
0.210345127825676
0.2107593288564
0.211173801405383
0.211588545294872
0.212003560347462
0.212418846386096
0.212834403234064
0.213250230714998
0.213666328652879
0.214082696872027
0.214499335197105
0.214916243453118
0.21533342146541
0.215750869059663
0.216168586061898
0.216586572298469
0.21700482759607
0.217423351781726
0.217842144682796
0.218261206126971
0.218680535942274
0.219100133957056
0.21952
0.219940133900114
0.220360535486734
0.220781204589521
0.221202141038463
0.221623344663869
0.222044815296372
0.222466552766927
0.222888556906809
0.223310827547614
0.223733364521253
0.22415616765996
0.224579236796281
0.22500257176308
0.225426172393536
0.225850038521139
0.226274169979695
0.22669856660332
0.227123228226441
0.227548154683794
0.227973345810426
0.228398801441689
0.228824521413244
0.229250505561057
0.229676753721399
0.230103265730845
0.230530041426275
0.230957080644868
0.231384383224106
0.231811949001772
0.232239777815946
0.232667869505009
0.233096223907639
0.233524840862808
0.233953720209789
0.234382861788144
0.234812265437732
0.235241930998706
0.235671858311509
0.236102047216876
0.236532497555833
0.236963209169694
0.237394181900063
0.237825415588831
0.238256910078176
0.238688665210563
0.23912068082874
0.239552956775741
0.239985492894883
0.240418289029766
0.24085134502427
0.241284660722558
0.241718235969072
0.242152070608533
0.242586164485941
0.243020517446573
0.243455129335983
0.24389
0.24432512928473
0.244760517036551
0.245196163102117
0.245632067328352
0.246068229562453
0.246504649651888
0.246941327444395
0.247378262787982
0.247815455530925
0.248252905521768
0.248690612609322
0.249128576642665
0.249566797471138
0.25000527494435
0.250444008912172
0.250882999224738
0.251322245732446
0.251761748285954
0.252201506736181
0.252641520934307
0.253081790731771
0.25352231598027
0.25396309653176
0.254404132238452
0.254845422952817
0.255286968527577
0.255728768815712
0.256170823670456
0.256613132945296
0.25705569649397
0.257498514170471
0.25794158582904
0.258384911324172
0.258828490510608
0.259272323243342
0.259716409377613
0.26016074876891
0.260605341272968
0.261050186745767
0.261495285043536
0.261940636022745
0.26238623954011
0.262832095452591
0.26327820361739
0.263724563891951
0.264171176133961
0.264618040201344
0.265065155952268
0.265512523245138
0.2659601419386
0.266408011891535
0.266856132963063
0.267304505012542
0.267753127899564
0.268202001483956
0.268651125625783
0.26910050018534
0.269550125023158
0.27
0.28361188268477
0.29744512098873
0.311496227906535
0.325761876222495
0.340238886666413
0.354924217263348
0.369814953726861
0.384908300767858
0.400201574209797
0.415692193816531
0.431377676752055
0.447255631602331
0.463323752898554
0.479579816089043
0.496021672913594
0.512647247139785
0.529454530625624
0.546441579677096
0.563606511672816
0.580947501931113
0.598462780797603
0.616150630933703
0.634009384788585
0.652037422238939
0.670233168382467
0.688595091472485
0.707121700982228
0.725811545788575
0.744663212465877
0.763675323681471
0.782846536685192
0.802175541885939
0.821661061508941
0.841301848327935
0.861096684466965
0.881044380266965
0.901143773212688
0.921393726915915
0.941793130151203
0.962340895940726
0.983035960685061
1.00387728333696
1.02486384461547
1.04599464625781
1.06726871030683
1.08868507843177
1.11024281128049
1.13194098786112
1.15377870495169
1.17575507653593
1.1978692332638
1.22012032193551
1.24250750500752
1.26502996011952
1.28768687964117
1.31047747023747
1.33340095245204
1.35645656030704
1.37964354091918
1.40296115413079
1.42640867215535
1.44998537923663
1.47369057132086
1.49752355574128
1.52148365091446
1.54557018604785
1.569782500858
1.59411994529897
1.61858187930052
1.6431676725155
1.66787670407617
1.69270836235897
1.71766204475735
1.74273715746236
1.76793311525069
1.79324934127968
1.81868526688924
1.8442403314102
1.86991398197885
1.89570567335755
1.92161486776097
1.94764103468786
1.97378365075811
2.0000421995548
2.0264161714712
2.05290506356237
2.07950837940125
2.10622562893912
2.13305632837016
2.16
2.18705617211813
2.21422437887401
2.24150416015675
2.26889506147816
2.29639663385923
2.32400843371964
2.35173002277047
2.37956096790984
2.40750084112135
2.43554921937538
2.46370568453296
2.49196982325228
2.52034122689766
2.5488194914509
2.57740421742497
2.60609500977996
2.63489147784117
2.66379323521928
2.69279989973262
2.7219110933313
2.75112644202334
2.78044557580256
2.80986812857828
2.83939373810678
2.86902204592436
2.89875269728206
2.92858534108194
2.95851962981488
2.98855521949988
3.01869176962472
3.04892894308805
3.07926640614287
3.10970382834121
3.1402408824802
3.17087724454921
3.20161259367838
3.23244661208813
3.26337898503989
3.29440940078795
3.32553755053224
3.35676312837233
3.38808583126225
3.41950535896641
3.45102141401644
3.4826337016689
3.51434192986397
3.54614580918495
3.57804505281865
3.61003937651655
3.64212849855685
3.67431213970724
3.70659002318843
3.73896187463847
3.77142742207775
3.80398639587473
3.83663852871234
3.86938355555507
3.90222121361668
3.93515124232856
3.96817338330875
4.00128738033149
4.0344929792974
4.06778992820426
4.10117797711828
4.134656878146
4.16822638540663
4.20188625500501
4.23563624500499
4.26947611540339
4.30340562810433
4.33742454689416
4.37153263741677
4.40572966714936
4.44001540537868
4.47438962317767
4.50885209338253
4.5434025905702
4.57804089103625
4.61276677277315
4.6475800154489
4.6824804003861
4.71746771054132
4.75254173048486
4.78770224638083
4.82294904596762
4.85828191853869
4.89370065492363
4.92920504746962
4.96479489002315
5.00046997791208
5.03623010792795
5.07207507830868
5.10800468872142
5.1440187402458
5.18011703535741
5.21629937791151
5.2525655731271
5.28891542757114
5.3253487491431
5.36186534705973
5.39846503184007
5.43514761529068
5.47191291049117
5.50876073177988
5.54569089473981
5.58270321618479
5.61979751414586
5.65697360785783
5.69423131774606
5.73157046541347
5.76899087362773
5.8064923663086
5.84407476851554
5.88173790643548
5.9194816073707
5.95730569972702
5.99521001300205
6.03319437777369
6.07125862568875
6.10940258945177
6.147626102814
6.18592900056249
6.22431111850942
6.26277229348154
6.30131236330973
6.33993116681877
6.37862854381724
6.41740433508751
6.45625838237597
6.49519052838329
6.53420061675489
6.57328849207153
6.61245399984
6.65169698648398
6.69101729933498
6.73041478662348
6.76988929747009
6.80944068187689
6.84906879071892
6.88877347573572
6.92855458952298
6.96841198552439
7.00834551802349
7.04835504213572
7.08844041380049
7.12860148977343
7.16883812761873
7.2091501857015
7.24953752318036
7.29
7.33053747688394
7.37114981532732
7.41183687758979
7.45259852668853
7.49343462639129
7.53434504120962
7.57532963639207
7.61638827791756
7.6575208324888
7.69872716752581
7.74000715115949
7.78136065222529
7.82278754025699
7.86428768548048
7.90586095880771
7.94750723183062
7.98922637681522
8.0310182666957
8.07288277506864
8.11481977618727
8.15682914495578
8.19891075692375
8.24106448828063
8.28329021585022
8.32558781708535
8.36795717006248
8.41039815347645
8.45291064663528
8.49549452945501
8.53814968245463
8.580875986751
8.62367332405397
8.66654157666136
8.7094806274542
8.75249035989186
8.79557065800736
8.83872140640263
8.8819424902439
8.92523379525713
8.96859520772345
9.01202661447468
9.05552790288893
9.09909896088618
9.14273967692398
9.18644993999314
9.23022963961352
9.27407866582983
9.31799690920747
9.36198426082847
9.4060406122874
9.4501658556874
9.49435988363618
9.53862258924212
9.58295386611039
9.62735360833911
9.67182171051555
9.71635806771241
9.76096257548404
9.80563512986283
9.85037562735554
9.89518396493971
9.94006004006012
9.98500375062524
10.0300149950037
10.0750936720211
10.1202396809562
10.1654529215377
10.2107332939412
10.2560806987855
10.3014950371293
10.3469762104684
10.3925241207322
10.4381386702803
10.4838197618998
10.529567298802
10.5753811846193
10.6212613234022
10.6672076196163
10.7132199781392
10.7592983042576
10.8054425036645
10.8516524824563
10.8979281471296
10.9442694045788
10.990676162093
11.0371483273534
11.0836858084303
11.1302885137808
11.1769563522455
11.2236892330463
11.2704870657838
11.3173497604342
11.3642772273471
11.4112693772428
11.4583261212099
11.5054473707023
11.5526330375374
11.5998830338931
11.6471972723055
11.6945756656665
11.7420181272216
11.7895245705669
11.8370949096474
11.8847290587543
11.932426932523
11.9801884459302
12.0280135142924
12.0759020532629
12.1238539788303
12.1718692073157
12.2199476553707
12.2680892399754
12.316293878436
12.3645614883828
12.4128919877682
12.4612852948643
12.5097413282609
12.558260006864
12.6068412498929
12.6554849768786
12.7041911076621
12.7529595623918
12.801790261522
12.8506831258109
12.8996380763183
12.9486550344042
12.9977339217265
13.0468746602395
13.0960771721917
13.145341380124
13.1946672068681
13.2440545755445
13.2935034095606
13.3430136326094
13.392585168667
13.4422179419916
13.491911877121
13.5416668988718
13.5914829323367
13.6413599028836
13.6912977361534
13.7412963580588
13.7913556947822
13.8414756727742
13.8916562187523
13.9418972596989
13.9921987228598
14.0425605357428
14.0929826261157
14.1434649220055
14.194007351696
14.2446098437269
14.2952723268919
14.3459947302374
14.3967769830612
14.4476190149104
14.4985207555806
14.549482135114
14.6005030837982
14.6515835321647
14.7027234109875
14.7539226512816
14.8051811843017
14.8564989415407
14.9078758547286
14.9593118558308
15.010806877047
15.0623608508095
15.1139737097826
15.1656453868604
15.217375815166
15.2691649280503
15.3210126590901
15.3729189420877
15.4248837110689
15.4769069002821
15.5289884441969
15.5811282775029
15.6333263351086
15.68558255214
15.7378968639396
15.7902692060649
15.8426995142873
15.8951877245914
15.9477337731729
16.0003375964384
16.0529991310035
16.1057183136922
16.1584950815353
16.2113293717696
16.2642211218367
16.3171702693819
16.3701767522529
16.4232405084989
16.4763614763697
16.5295395943142
16.5827748009795
16.63606703521
16.6894162360461
16.7428223427235
16.7962852946716
16.849805031513
16.9033814930623
16.9570146193249
17.0107043504965
17.0644506269613
17.1182533892918
17.1721125782473
17.2260281347733
17.28
17.334028115242
17.3881124219968
17.4422528619442
17.496449376945
17.5507019090406
17.6050104004513
17.6593747935764
17.7137950309921
17.7682710554516
17.8228028098837
17.877390237392
17.932033281254
17.9867318849201
18.041485992013
18.0962955463266
18.1511604918253
18.206080772643
18.2610563330822
18.3160871176133
18.3711730708738
18.4263141376674
18.4815102629628
18.5367613918937
18.5920674697571
18.6474284420131
18.7028442542839
18.7583148523528
18.8138401821638
18.8694201898204
18.9250548215851
18.9807440238785
19.0364877432787
19.0922859265202
19.1481385204933
19.2040454722436
19.2600067289708
19.3160222380282
19.372091946922
19.4282158033104
19.484393755003
19.54062574996
19.5969117362915
19.6532516622568
19.7096454762636
19.7660931268675
19.822594562771
19.8791497328231
19.9357585860182
19.9924210714961
20.0491371385404
20.1059067365787
20.1627298151813
20.2196063240608
20.2765362130715
20.3335194322085
20.3905559316072
20.4476456615426
20.5047885724286
20.5619846148177
20.6192337393997
20.6765358970017
20.733891038587
20.7912991152549
20.8487600782397
20.9062738789101
20.9638404687691
21.0214597994526
21.0791318227293
21.1368564905002
21.1946337547975
21.2524635677843
21.3103458817542
21.3682806491304
21.426267822465
21.484307354439
21.5423991978609
21.6005433056671
21.6587396309204
21.7169881268098
21.7752887466504
21.833641443882
21.892046172069
21.9505028848999
22.0090115361867
22.0675720798642
22.1261844699894
22.1848486607414
22.2435646064204
22.3023322614475
22.3611515803637
22.4200225178299
22.4789450286262
22.5379190676513
22.5969445899219
22.6560215505724
22.7151499048543
22.7743296081356
22.8335606159004
22.8928428837486
22.9521763673949
23.0115610226686
23.0709968055132
23.1304836719858
23.1900215782565
23.2496104806081
23.3092503354355
23.3689410992454
23.4286827286555
23.4884751803943
23.5483184113006
23.6082123783229
23.6681570385191
23.7281523490558
23.7881982672081
23.848294750359
23.9084417559991
23.9686392417258
24.0288871652434
24.0891854843621
24.1495341569977
24.2099331411716
24.2703823950098
24.3308818767426
24.3914315447044
24.4520313573331
24.5126812731696
24.5733812508576
24.6341312491429
24.6949312268733
24.7557811429977
24.8166809565663
24.8776306267297
24.9386301127387
24.999679373944
25.0607783697953
25.1219270598416
25.1831254037302
25.2443733612067
25.3056708921143
25.3670179563937
25.4284145140825
25.4898605253148
25.5513559503209
25.612900749427
25.6744948830547
25.7361383117204
25.7978309960353
25.859572896705
25.9213639745288
25.9832041903996
26.0450935053035
26.1070318803191
26.1690192766179
26.2310556554631
26.2931409782095
26.3552752063036
26.4174583012825
26.4796902247742
26.5419709384966
26.604300404258
26.6666785839557
26.7291054395765
26.7915809331962
26.8541050269787
26.9166776831763
26.9792988641291
27.0419685322648
27.104686650098
27.1674531802302
27.2302680853494
27.2931313282298
27.3560428717313
27.4190026787992
27.4820107124643
27.5450669358417
27.6081713121315
27.6713238046177
27.7345243766682
27.7977729917344
27.8610696133512
27.924414205136
27.987806730789
28.0512471540928
28.1147354389118
28.1782715491919
28.2418554489609
28.305487102327
28.3691664734796
28.4328935266884
28.4966682263032
28.5604905367537
28.6243604225492
28.688277848278
28.7522427786077
28.8162551782844
28.8803150121324
28.9444222450544
29.0085768420307
29.0727787681192
29.1370279884548
29.2013244682497
29.2656681727925
29.3300590674482
29.3944971176579
29.4589822889386
29.5235145468828
29.5880938571582
29.6527201855074
29.7173934977481
29.782113759772
29.8468809375452
29.9116949971077
29.9765559045732
30.0414636261285
30.1064181280338
30.171419376622
30.2364673382986
30.3015619795416
30.3667032669007
30.4318911669978
30.4971256465261
30.5624066722501
30.6277342110056
30.6931082296987
30.7585286953066
30.8239955748764
30.8895088355254
30.9550684444406
31.0206743688786
31.0863265761653
31.1520250336956
31.2177697089334
31.2835605694109
31.3493975827288
31.4152807165558
31.4812099386285
31.5471852167511
31.6132065187953
31.6792738126997
31.74538706647
31.8115462481785
31.877751325964
31.9440022680315
32.0102990426519
32.076641618162
32.143029962964
32.2094640455255
32.2759438343792
32.3424692981226
32.4090404054177
32.4756571249913
32.5423194256341
32.6090272762007
32.6757806456097
32.7425795028431
32.8094238169463
32.8763135570277
32.9432486922586
33.0102291918732
33.077255025168
33.1443261615016
33.211442570295
33.2786042210307
33.345811083253
33.4130631265677
33.4803603206417
33.5477026352029
33.6150900400401
33.6825225050025
33.75
33.8175224950025
33.8850899600399
33.9527023652021
34.0203596806383
34.0880618765573
34.1558089232271
34.2236007909746
34.2914374501857
34.3593188713048
34.4272450248346
34.4952158813364
34.5632314114291
34.6312915857899
34.6993963751533
34.7675457503115
34.8357396821138
34.9039781414669
34.9722610993341
35.0405885267357
35.1089603947482
35.1773766745049
35.2458373371949
35.3143423540635
35.3828916964117
35.4514853355963
35.5201232430294
35.5888053901785
35.6575317485661
35.7263022897697
35.7951169854214
35.863975807208
35.9328787268707
36.001825716205
36.0708167470602
36.1398517913397
36.2089308210005
36.2780538080532
36.3472207245616
36.4164315426429
36.4856862344674
36.5549847722578
36.62432712829
36.6937132748922
36.7631431844449
36.832616829381
36.9021341821852
36.9716952153942
37.0412999015963
37.1109482134316
37.1806401235912
37.2503756048177
37.3201546299047
37.3899771716967
37.4598432030888
37.5297526970269
37.5997056265072
37.6697019645763
37.7397416843306
37.8098247589168
37.8799511615313
37.9501208654202
38.0203338438789
38.0905900702523
38.1608895179345
38.2312321603686
38.3016179710466
38.3720469235093
38.442518991346
38.5130341481946
38.583592367741
38.6541936237195
38.7248378899125
38.7955251401499
38.8662553483095
38.9370284883169
39.0078445341447
39.078703459813
39.1496052393891
39.2205498469871
39.2915372567682
39.36256744294
39.433640379757
39.5047560415199
39.5759144025757
39.6471154373178
39.7183591201852
39.7896454256632
39.8609743282826
39.9323458026197
40.0037598232966
40.0752163649805
40.1467154023838
40.218256910264
40.2898408634236
40.3614672367098
40.4331360050145
40.5048471432741
40.5766006264694
40.6483964296256
40.7202345278118
40.7921148961414
40.8640375097714
40.9360023439026
41.0080093737797
41.0800585746905
41.1521499219664
41.2242833909821
41.2964589571552
41.3686765959464
41.4409362828593
41.5132379934401
41.5855817032779
41.6579673880039
41.7303950232921
41.8028645848583
41.8753760484608
41.9479293898996
42.0205245850168
42.0931616096962
42.1658404398632
42.2385610514847
42.3113234205691
42.384127523166
42.4569733353662
42.5298608333016
42.6027899931448
42.6757607911095
42.74877320345
42.821827206461
42.8949227764779
42.9680598898763
43.0412385230723
43.1144586525217
43.1877202547206
43.2610233062049
43.3343677835503
43.4077536633722
43.4811809223255
43.5546495371045
43.6281594844431
43.701710741114
43.7753032839294
43.8489370897403
43.9226121354366
43.996328397947
44.070085854239
44.1438844813186
44.2177242562301
44.2916051560564
44.3655271579185
44.4394902389755
44.5134943764248
44.5875395475014
44.6616257294783
44.7357528996663
44.8099210354136
44.884130114106
44.9583801131669
45.0326710100567
45.1070027822732
45.1813754073512
45.2557888628626
45.3302431264162
45.4047381756574
45.4792739882685
45.5538505419685
45.6284678145125
45.7031257836923
45.777824427336
45.8525637233078
45.927343649508
46.0021641838729
46.0770253043748
46.1519269890218
46.2268692158576
46.3018519629615
46.3768752084484
46.4519389304688
46.5270431072081
46.6021877168873
46.6773727377624
46.7525981481243
46.8278639262993
46.903170050648
46.9785164995661
47.0539032514838
47.1293302848661
47.2047975782123
47.2803051100561
47.3558528589656
47.431440803543
47.5070689224246
47.5827371942809
47.6584455978161
47.7341941117686
47.8099827149101
47.8858113860463
47.9616801040164
48.037588847693
48.1135375959823
48.1895263278236
48.2655550221895
48.3416236580858
48.4177322145513
48.4938806706578
48.57006900551
48.6462971982452
48.7225652280337
48.7988730740783
48.8752207156142
48.9516081319092
49.0280353022635
49.1045022060096
49.181008822512
49.2575551311675
49.3341411114048
49.4107667426847
49.4874320044999
49.5641368763746
49.6408813378651
49.7176653685589
49.7944889480754
49.8713520560652
49.9482546722105
50.0251967762247
50.1021783478523
50.1791993668691
50.256259813082
50.3333596663287
50.4104989064778
50.487677513429
50.5648954671124
50.6421527474889
50.7194493345502
50.7967852083181
50.8741603488451
50.951574736214
51.0290283505379
51.10652117196
51.1840531806538
51.2616243568227
51.3392346807001
51.4168841325493
51.4945726926635
51.5723003413654
51.6500670590078
51.7278728259727
51.8057176226717
51.8836014295461
51.9615242270663
52.0394859957321
52.1174867160726
52.1955263686458
52.2736049340391
52.3517223928688
52.42987872578
52.5080739134469
52.5863079365722
52.6645807758877
52.7428924121535
52.8212428261585
52.89963199872
52.9780599106838
53.056526542924
53.1350318763431
53.2135758918718
53.2921585704689
53.3707798931213
53.449439840844
53.5281383946799
53.6068755356997
53.6856512450021
53.7644655037135
53.8433182929879
53.9222095940068
54.0011393879796
54.0801076561428
54.1591143797607
54.2381595401245
54.3172431185531
54.3963650963922
54.4755254550151
54.5547241758218
54.6339612402396
54.7132366297224
54.7925503257514
54.8719023098343
54.9512925635057
55.0307210683269
55.1101878058858
55.1896927577967
55.2692359057007
55.3488172312652
55.4284367161839
55.5080943421768
55.5877900909903
55.6675239443969
55.7472958841951
55.8271058922098
55.9069539502914
55.9868400403166
56.066764144188
56.1467262438337
56.2267263212078
56.30676435829
56.3868403370857
56.4669542396259
56.5471060479668
56.6272957441904
56.7075233104039
56.7877887287399
56.8680919813563
56.9484330504361
57.0288119181875
57.1092285668437
57.1896829786632
57.2701751359292
57.3507050209498
57.4312726160582
57.5118779036122
57.5925208659944
57.673201485612
57.753919744897
57.8346756263057
57.9154691123192
57.9963001854429
58.0771688282065
58.1580750231642
58.2390187528945
58.32
58.4010187471075
58.4820749768679
58.5631686719563
58.6442998150715
58.7254683889367
58.8066743762985
58.8879177599276
58.9691985226186
59.0505166471895
59.1318721164822
59.2132649133621
59.2946950207183
59.3761624214634
59.4576670985332
59.5392090348873
59.6207882135082
59.7024046174021
59.7840582295983
59.8657490331492
59.9474770111303
60.0292421466405
60.1110444228014
60.1928838227577
60.274760329677
60.3566739267498
60.4386245971895
60.5206123242321
60.6026370911366
60.6846988811842
60.7667976776792
60.8489334639482
60.9311062233405
61.0133159392276
61.0955625950036
61.1778461740849
61.2601666599104
61.342524035941
61.4249182856599
61.5073493925726
61.5898173402065
61.6723221121112
61.7548636918583
61.8374420630414
61.9200572092759
62.0027091141992
62.0853977614705
62.1681231347706
62.2508852178023
62.33368399429
62.4165194479795
62.4993915626384
62.5823003220559
62.6652457100425
62.7482277104302
62.8312463070724
62.9143014838439
62.9973932246407
63.08052151338
63.1636863340005
63.2468876704617
63.3301255067444
63.4133998268505
63.4967106148027
63.580057854645
63.6634415304419
63.7468616262793
63.8303181262635
63.9138110145217
63.9973402752021
64.0809058924732
64.1645078505243
64.2481461335656
64.3318207258274
64.4155316115609
64.4992787750375
64.5830622005492
64.6668818724082
64.7507377749474
64.8346298925196
64.9185582094982
65.0025227102764
65.086523379268
65.1705602009067
65.2546331596462
65.3387422399605
65.4228874263434
65.5070687033087
65.59128605539
65.675539467141
65.7598289231351
65.8441544079655
65.928515906245
66.0129134026063
66.0973468817017
66.181816328203
66.2663217268018
66.3508630622089
66.435440319155
66.5200534823898
66.6047025366828
66.6893874668227
66.7741082576173
66.8588648938942
66.9436573604998
67.0284856422999
67.1133497241793
67.1982495910422
67.2831852278116
67.3681566194296
67.4531637508575
67.5382066070754
67.6232851730822
67.7083994338959
67.7935493745533
67.8787349801099
67.9639562356401
68.0492131262368
68.1345056370119
68.2198337530956
68.305197459637
68.3905967418036
68.4760315847816
68.5615019737753
68.647007894008
68.732549330721
68.8181262691742
68.9037386946456
68.9893865924317
69.0750699478473
69.1607887462253
69.2465429729167
69.3323326132909
69.4181576527352
69.5040180766551
69.5899138704741
69.6758450196336
69.7618115095931
69.84781332583
69.9338504538396
70.0199228791349
70.1060305872469
70.1921735637243
70.2783517941336
70.3645652640589
70.450813959102
70.5370978648824
70.6234169670372
70.709771251221
70.7961607031059
70.8825853083816
70.9690450527552
71.0555399219512
71.1420699017115
71.2286349777953
71.3152351359792
71.4018703620571
71.4885406418399
71.5752459611562
71.6619863058512
71.7487616617876
71.8355720148451
71.9224173509206
72.0092976559277
72.0962129157975
72.1831631164775
72.2701482439327
72.3571682841445
72.4442232231115
72.531313046849
72.6184377413891
72.7055972927807
72.7927916870895
72.8800209103977
72.9672849488043
73.0545837884249
73.1419174153918
73.2292858158538
73.316688975976
73.4041268819404
73.4915995199451
73.579106876205
73.6666489369511
73.7542256884309
73.8418371169082
73.9294832086631
74.017163949992
74.1048793272076
74.1926293266387
74.2804139346302
74.3682331375433
74.4560869217554
74.5439752736598
74.6318981796658
74.7198556261989
74.8078475997004
74.8958740866278
74.9839350734542
75.072030546669
75.160160492777
75.2483248982992
75.3365237497723
75.4247570337485
75.5130247367962
75.6013268454992
75.689663346457
75.7780342262849
75.8664394716135
75.9548790690894
76.0433530053745
76.1318612671462
76.2204038410976
76.3089807139369
76.3975918723882
76.4862373031907
76.574916993099
76.6636309288831
76.7523790973283
76.8411614852352
76.9299780794197
77.0188288667129
77.1077138339609
77.1966329680252
77.2855862557825
77.3745736841244
77.4635952399577
77.5526509102042
77.6417406818008
77.7308645416993
77.8200224768665
77.9092144742841
77.9984405209489
78.0877006038723
78.1769947100808
78.2663228266155
78.3556849405326
78.4450810389026
78.5345111088113
78.6239751373587
78.7134731116599
78.8030050188443
78.8925708460562
78.9821705804544
79.0718042092123
79.1614717195177
79.2511730985731
79.3409083335955
79.4306774118161
79.520480320481
79.6103170468502
79.7001875781983
79.7900919018145
79.8800300050019
79.9700018750781
80.0600074993751
80.1500468652389
80.24011996003
80.3302267711227
80.4203672859059
80.5105414917823
80.600749376169
80.6909909264969
80.7812661302112
80.871574974771
80.9619174476494
81.0522935363337
81.1427032283248
81.2331465111379
81.3236233723019
81.4141337993594
81.5046777798673
81.5952553013961
81.6858663515299
81.7765109178669
81.8671889880189
81.9579005496115
82.0486455902838
82.1394240976889
82.2302360594934
82.3210814633773
82.4119602970346
82.5028725481725
82.5938182045121
82.6847972537878
82.7758096837476
82.8668554821528
82.9579346367784
83.0490471354127
83.1401929658574
83.2313721159275
83.3225845734516
83.4138303262714
83.505109362242
83.5964216692318
83.6877672351223
83.7791460478084
83.8705580951981
83.9620033652128
84.0534818457867
84.1449935248675
84.2365383904158
84.3281164304053
84.4197276328229
84.5113719856683
84.6030494769544
84.6947600947072
84.7865038269653
84.8782806617806
84.9700905872178
85.0619335913545
85.1538096622811
85.245718788101
85.3376609569304
85.4296361568982
85.5216443761461
85.6136856028287
85.7057598251133
85.7978670311797
85.8900072092208
85.9821803474418
86.0743864340606
86.166625457308
86.2588974054271
86.3512022666738
86.4435400293163
86.5359106816355
86.628314211925
86.7207506084905
86.8132198596504
86.9057219537356
86.9982568790893
87.090824624067
87.183425177037
87.2760585263794
87.3687246604871
87.461423567765
87.5541552366306
87.6469196555133
87.7397168128551
87.83254669711
87.9254092967442
88.0183046002364
88.1112325960771
88.2041932727691
88.2971866188272
88.3902126227785
88.4832712731621
88.5763625585291
88.6694864674427
88.762642988478
88.8558321102222
88.9490538212746
89.0423081102461
89.1355949657599
89.2289143764509
89.3222663309659
89.4156508179636
89.5090678261147
89.6025173441015
89.6959993606181
89.7895138643706
89.8830608440768
89.976640288466
90.0702521862796
90.1638965262704
90.2575732972032
90.351282487854
90.445024087011
90.5387980834736
90.632604466053
90.7264432235718
90.8203143448645
90.9142178187768
91.0081536341662
91.1021217799015
91.196122244863
91.2901550179427
91.3842200880436
91.4783174440807
91.5724470749799
91.6666089696788
91.7608031171262
91.8550295062823
91.9492881261187
92.0435789656183
92.137902013775
92.2322572595944
92.3266446920931
92.421064300299
92.5155160732512
92.61
92.7045160696069
92.7990642711445
92.8936445936965
92.9882570263579
93.0829015582346
93.1775781784438
93.2722868761134
93.3670276403828
93.461800460402
93.5566053253323
93.6514422243459
93.7463111466259
93.8412120813665
93.9361450177726
94.0311099450602
94.1261068524562
94.2211357291983
94.316196564535
94.4112893477258
94.5064140680409
94.6015707147614
94.6967592771791
94.7919797445965
94.8872321063271
94.982516351695
95.0778324700348
95.1731804506921
95.2685602830231
95.3639719563945
95.4594154601839
95.5548907837794
95.6503979165795
95.7459368479937
95.8415075674418
95.9371100643541
96.0327443281717
96.128410348346
96.224108114339
96.3198376156231
96.4155988416812
96.5113917820068
96.6072164261035
96.7030727634857
96.7989607836779
96.8948804762151
96.9908318306426
97.0868148365163
97.1828294834021
97.2788757608763
97.3749536585256
97.4710631659469
97.5672042727473
97.6633769685444
97.7595812429657
97.8558170856491
97.9520844862426
98.0483834344045
98.1447139198032
98.2410759321171
98.337469461035
98.4338944962557
98.530351027488
98.6268390444508
98.7233585368731
98.8199094944941
98.9164919070627
99.0131057643381
99.1097510560893
99.2064277720955
99.3031359021456
99.3998754360387
99.4966463635835
99.5934486745991
99.690282358914
99.7871474063669
99.8840438068063
99.9809715500905
100.077930626088
100.174921024676
100.271942735742
100.368995749185
100.466080054912
100.563195642839
100.660342502894
100.757520625013
100.854729999143
100.951970615239
101.049242463266
101.146545533201
101.243879815029
101.341245298743
101.438641974348
101.536069831858
101.633528861297
101.731019052696
101.828540396099
101.926092881558
102.023676499134
102.121291238899
102.218937090932
102.316614045325
102.414322092176
102.512061221595
102.609831423699
102.707632688618
102.805465006487
102.903328367454
103.001222761674
103.099148179313
103.197104610546
103.295092045557
103.393110474538
103.491159887693
103.589240275233
103.68735162738
103.785493934364
103.883667186425
103.981871373812
104.080106486783
104.178372515604
104.276669450554
104.374997281916
104.473355999987
104.57174559507
104.670166057478
104.768617377533
104.867099545568
104.965612551921
105.064156386943
105.162731040992
105.261336504435
105.35997276765
105.458639821022
105.557337654945
105.656066259822
105.754825626068
105.853615744102
105.952436604356
106.051288197268
106.150170513287
106.249083542871
106.348027276485
106.447001704604
106.546006817712
106.645042606302
106.744109060875
106.843206171942
106.94233393002
107.04149232564
107.140681349336
107.239900991655
107.339151243151
107.438432094386
107.537743535933
107.637085558371
107.736458152289
107.835861308286
107.935295016968
108.03475926895
108.134254054855
108.233779365316
108.333335190974
108.432921522479
108.532538350487
108.632185665667
108.731863458694
108.83157172025
108.93131044103
109.031079611733
109.130879223069
109.230709265755
109.33056973052
109.430460608096
109.530381889227
109.630333564666
109.730315625173
109.830328061515
109.93037086447
110.030444024824
110.130547533371
110.230681380911
110.330845558257
110.431040056227
110.531264865648
110.631519977355
110.731805382194
110.832121071014
110.932467034678
111.032843264054
111.133249750019
111.233686483457
111.334153455263
111.434650656338
111.535178077591
111.635735709942
111.736323544316
